1442 5653 5545 4183 4170 2524 2408  714 8036 3321 5808 1637 4464 6167
 3544 8001  284 7456 4529 7880 1102   17 1504 8024 3733 6130 1795 4321
 5468 3210 6195 8048  527 1526 2552 1450   26  525 2946 2947 1027 6210
 7363 6339 7034  306  411 6378 5057 5500 7708 3764 3688 5863 4844 3853
  852 2783 5942 6166 6820 6896 5403 4159 1509 1534 3316 3282 5355 4573
 7417  842 2334 2926 3909 7623 7073 3649 5077 7076 1652 7354 2314 5711
 5888 4022  725 1296 8111 7967 6190 5155 5160 5870 3094 7174 1402 3153
 3151 5634 5654 3131 4762 3249  715 8013  443  231 2908 6926 2910 5443
 2956 4595  320 5538 5551 2143 5574 3198 7091 1010 1492  423 6294 6895
 7261 1053 8029 5369 7056  114 4259  413  369 4845 2279 5977 4724 7335
 6097 4211 7263  492 5706 4124  124 2146 4594 8160 5810 4230 4422 7433
 4693 3936 1679 6199 5749  172 6520 1426 1609 6414 4933 3732 6214 2965
 1870 6367 3854 7839 2179 5139 7084 3048 4925 8199 4702 7842 7736 5380
 4149 6982 3620 1496 7415  587 6361 1449 4056 6390 8293 8105 5367 6118
 3513 7774 4613 6529  383 1000 6301 4687 7404 7113 3136 7705 6277 2940
  193 8019 4523 6105 6225 5091 7646 7129 6944 5518 3103 3743 6851 1336
 2824 6938 6215  517 5307 5730 4105  292 2544 4190  387  607 4208 5602
 5169 1461  189  196 8201 3931 3176 1073 5406 3779 2559 3539 1838  985
 4559 6725 1628 3928 3622 1077  279 3244 3434 1179 5995 5961 1552 1323
 1083 5507 2083 8077 2302 6594 2391 6721 2176  416 6949 4604 3520 8054
 8025 4165 7425 8094 6762 1837 4509  495 6654 2175  204 4032 1862 4761
 4263 5956 5436 2674 5666 3027 5067 1134 1897 8122 3492 1871 8116 8203
 2289 4616 1764 2154 1114 2629 1378 1375 1715 5855 4887 5866 1494 2379
 5496 5868 8041 8178 1139 2414 1094 1830 7951 7949 1520 2225 4922  851
 5848 1331 3495 6906 4459 5824 5825 4943  294 5639 1301 4049 7476 7401
 1774 4169 7605 2439 5277 6372 3729 7442 7463 3879  741 7743 3550 6021
 3409 1955 4342 5838 6500 7903 1059 3664 2010 2835 5771 3322 3956 3945
 5610 2707 5797 6732 5752 5363 6714 8142 5998 3748 4793 2189 4060 7737
 3086 3659 4913 7353 3408 3215 6005 1780 1658 1394 1547 2201 1770 1344
 1733 8278 6184 3117 8195 5510 5519 5991  672  837 6395 7150 1580 4394
 4019 5196 1273 4658 1616 4093 4083 4177 7419 5476 4572 2613 3155  855
 5891 7593 6526 3557 4530 6017 7745 1237 5865 7239 7228  680 4486 6622
 5598 5917 3075 4850   33 4506 6781 5087 6125 1888 3138 6738 2242 2099
 4763 3072  267 6129 1647 2591 3218 8238 8230 4999 4027 4113 7676  260
 1039  349 5619 7914 1521 7313 5970  536  907 5973 1050 3067 1420 3135
 4567 1176 1827 5612 8117 5287 8144  606  658 5601 4140 6340 4656 7934
  740 6601 1945 5684 5524 8099 4107 5785 7184 1548 6473 6474  987 4720
  701 3061 5031 5492 4082 7626 2865 1092 5485 4450 5710 2529 3173 5874
 2173  617 7862 3328 7933 6671 6735 7416 7312 6489 5473 4386 2147 6623
 1064 4569 6471 2768 5481 4754 7366 6512 6537 4538 2231 3423 1097 7168
 5179 3821 4653  384 5181 5013 1592 1823 1661 5346 1650 3835 3823 8233
 3068  334 4419 8251 1757 5830 3223 7136 1617  615 7158 1615 3869 7992
 6591 3214 7357 6450 3292 4723 8098 2936  937  944 8010 5996 1462 5976
 6132 6935 6713 1706 7167 5719 2904 4220 3949 6519 7955 4598 2653 3624
 5251 2003 1824 4109 4682 3530 7871 7179 3337  453 7718 8153 4256 1454
 7199 6652 8150  608 6778 3894 6151 7437  342 3738 1611 5798 7137 7120
 4119  217 4798 5887 8003 5170 1805 3719 7089 6650 4407 3935  820  119
 6168 3625 5803 6369 1758 6255 1979 5350 3577 5554 7278 6918 4923 7853
 7405 7436  671 5819 5572 7454 4243 4343 5487 3132 4959 7395  210 7304
 1636 1456  752  718 2679 3199 6852 1057 3575 4697 2138  192 3994 6048
 7546 1987 5616 8215 6089 7997 4013 3867 3364 6064  547  442 8135 5234
  703 6703 4599 7759 7302 3030 7473 6364 3845  929 2531 5103 5235 6784
 1833 6666 6590 1404  946 2595 2124 5881 6003 1245 3084 7864 3877 3562
 2997 5083 3107 6603 1589 5184  240  994 1182 1128 7291 6433 3926 1067
 3252  230 4701 7716 5858 1772 1858 7762 6605 7182 3096 1246  899 8096
 2515 2152 7799 3157 6866 2017 6202 5489 2860 8265  290 1739 6746 7693
 4548 1766 4603 1841  872 1274 4045  405 7381 1754 8121 3327 4809 6897
  499 1863 6691 7679 6683 1985 1393 6843 1920 1196 3865 7399 1379 6845
 7352 7074 2323 5702 2380  283   23  500 6221 7861 3471 4332 1606 4298
 6612 4773 3920 3773 1297 5530 5423 1228  642 8064 8180  588 2853 3686
 3047 2817 6816 7710 3878 1189 3666 3444 1389 3916 7359 6119 6101 6115
 7557  622  592 4811 6739 6862 7756 2761 6561 2462 7338 2654  957 7689
 1717 3306 4062 7746 3747 3765 7783  704 2781 4416 3548 4207 1503 4443
 4489 4487 3744 6061 4490   39 7327 4551 2960 4893 1365 5937 7458  687
 3098 1011 3590 6774 1997 6576   95 2894 4351 7981 3041 7431 2247 8086
 5536 3417 1183   64  312 4293 5202 3516 5427 2303  259 3568 3202 7198
 7443 5544 1931 5241 1716 2436 8213 5796 3839 1883 2258 2599 7869 3428
 1398 4590 7738 1523 2098 4558 3670 1853 4184 1282 4302 3904 8224 4415
 3614 5741 1761  595  947 2400 8176 5755 2975 3947 8299 6070 2748 2213
 7280 5901   87 4271 3903 2218 4481 2669 7821 2490 5212 4510 1784 1813
 2174 2769 3890 3675 3884 7833 6397 7931 3295 1202 3248 5433 4500 6999
  787 5440 5136]
('Top 12% values:', [7.052102416786315, 7.007053004522988, 7.007001438228732, 6.979725380039185, 6.979583317615122, 6.97952982176017, 6.964059304464217, 6.963434292049291, 6.96092384167932, 6.944246400949059, 6.941739909446514, 6.9366429474240885, 6.935829785198838, 6.9356030531661315, 6.935520223801515, 6.935509789769355, 6.923988196802903, 6.90782929086432, 6.906937100884901, 6.898905436394473, 6.89880911454857, 6.898508338335374, 6.898442387604132, 6.898280177284724, 6.89269350341088, 6.892603847419631, 6.889685986796325, 6.889599479420091, 6.883782761199913, 6.871435416279412, 6.87138443059808, 6.870997340224402, 6.87096392585467, 6.870960672622872, 6.870868745379886, 6.8708676664296515, 6.8707830460221695, 6.8707830460221695, 6.870776548008552, 6.8707599957511185, 6.870731918308192, 6.870726443634017, 6.870589043629321, 6.870452437017378, 6.870394613810173, 6.862287047955732, 6.8621096323209985, 6.86208417975824, 6.861943950868672, 6.86189723479187, 6.861884417723732, 6.861839268060565, 6.861833664453993, 6.861804680159548, 6.745890492745862, 6.734260084473815, 6.733709753339424, 6.727483274386345, 6.698458493300326, 6.698442134814077, 6.685039174834103, 6.676825475658775, 6.675189812301805, 6.672809704162949, 6.661334521398459, 6.65914786744265, 6.659146935755241, 6.659146935755241, 6.6587364982239405, 6.6587364982239405, 6.6506277337509845, 6.650229596704574, 6.649850104357214, 6.644412265262358, 6.6305079012881984, 6.630409994750229, 6.63031538549873, 6.630079585886148, 6.629969420379509, 6.629510772814714, 6.625702269406655, 6.62560379939758, 6.621315570991631, 6.621260767033072, 6.621200459507953, 6.621195006125956, 6.621173961953879, 6.621075786847257, 6.621048660521243, 6.621024753244197, 6.6210174528705235, 6.620978869733272, 6.620978869733272, 6.62070509759828, 6.5969006781031485, 6.5968416134027485, 6.596772504370455, 6.581904811974266, 6.581904811974266, 6.527433959582535, 6.527433959582535, 6.527317150981998, 6.520519653547924, 6.520352594186627, 6.511140192664436, 6.510971414668687, 6.510964557518789, 6.510946219956695, 6.510929116082833, 6.510845153295319, 6.510583777248473, 6.5099213852776545, 6.507259006708132, 6.5059699675305405, 6.50519356171863, 6.504679440446167, 6.504679440446167, 6.5044082045951575, 6.504167074952855, 6.501466426975321, 6.4835063993551145, 6.482941281145805, 6.481719123594009, 6.481687267640127, 6.4815092178925, 6.481428045324434, 6.481420201899796, 6.4813801061823675, 6.481308333015542, 6.481290301386099, 6.481288447856575, 6.481273781189859, 6.4812341678968215, 6.481233706009327, 6.4812063856036275, 6.4812063856036275, 6.481205352710366, 6.481139914383422, 6.4810941671679885, 6.481076584021335, 6.481030730593824, 6.481028958702731, 6.480649630684111, 6.48064855225432, 6.480503672998951, 6.480306314106931, 6.4803061873297425, 6.4803061873297425, 6.480256388629216, 6.480195804521779, 6.472432488467182, 6.472171562808165, 6.472171562808165, 6.472126546340005, 6.472015041539794, 6.472012448715499, 6.471990225915758, 6.471929441088153, 6.4716981976533425, 6.471048283014466, 6.471041714947438, 6.452086163499598, 6.4518344138041455, 6.4514731314088305, 6.451239913793858, 6.415984236172816, 6.412733793405485, 6.345992079078998, 6.345357578875224, 6.345296378503788, 6.336378989109248, 6.301831258293617, 6.299035480852256, 6.298643575728079, 6.298535845819146, 6.297854744297792, 6.297431074924308, 6.297400835670863, 6.291766125719922, 6.2676579374174475, 6.265479797708854, 6.26414702002796, 6.249840266556718, 6.247330652479081, 6.24700285864329, 6.246893816164428, 6.235189616914765, 6.22638632048855, 6.226267614960303, 6.225953525810557, 6.225795547649989, 6.225702108048655, 6.225656513652752, 6.225246071959298, 6.224771114298189, 6.216589250769277, 6.216370589216607, 6.216368994302903, 6.216301402129801, 6.216283512324609, 6.216187343701032, 6.2161693079523355, 6.21616473071135, 6.2161088982654285, 6.215943902775357, 6.215822306556415, 6.215697788754924, 6.215487293219031, 6.215481511878931, 6.215413146526205, 6.215413146526205, 6.2153669913474205, 6.2153653591484, 6.215296594859388, 6.215261570960739, 6.215175804406314, 6.215077819442908, 6.2150766300785385, 6.215075552956751, 6.215075552956751, 6.190353986521473, 6.158938145788584, 6.035470982358525, 6.035431107859425, 6.035393148672586, 6.035342257063544, 6.035342257063544, 6.035134752315091, 6.035026499639493, 6.034810486982539, 6.034522663879717, 5.995563489606724, 5.973608031659494, 5.963773029314276, 5.963735897267654, 5.9636389258391445, 5.963566737303205, 5.963399787975439, 5.9633801974691085, 5.846445408541702, 5.829641554127216, 5.826538109505893, 5.816125912208704, 5.8160637647078275, 5.816061493894711, 5.8159935510651, 5.80991953424674, 5.808716607240548, 5.773656444204792, 5.740387788713539, 5.7364494191897135, 5.718565260882634, 5.718524247032502, 5.718478411044429, 5.718406414120891, 5.718398512986221, 5.718340677123171, 5.718085695380055, 5.717810454063325, 5.716286772794184, 5.715603974558429, 5.715603974558429, 5.715583135183272, 5.711003434192197, 5.70913689452648, 5.695748411109656, 5.695693490078517, 5.695465467687579, 5.695282590770136, 5.695019715415468, 5.685561662744195, 5.685407564659671, 5.685275129882355, 5.685249441183925, 5.685194025143272, 5.685184590415176, 5.685133664297286, 5.685130046601525, 5.685116804750742, 5.6851107380420824, 5.685088933673859, 5.6850684966019545, 5.685036900940789, 5.68502561752091, 5.68500721379291, 5.685005205723455, 5.684955134243185, 5.684922649634964, 5.684922649634964, 5.684916755146697, 5.684912541372263, 5.684891161835075, 5.6848556013480795, 5.684843768315667, 5.684800112088213, 5.6847431382770335, 5.684739495659214, 5.68473876516579, 5.684736485298716, 5.684730600447502, 5.684723306109962, 5.684716740225278, 5.684691330466418, 5.68468458515224, 5.684684010423093, 5.6846725746602385, 5.684671634450549, 5.684669972550741, 5.684661985270437, 5.684614497362688, 5.6846140395117075, 5.684592014087947, 5.6844620353155175, 5.684297214225595, 5.684290325002723, 5.684290325002723, 5.684275187574201, 5.684242021910203, 5.6841920762504845, 5.684179671404028, 5.684167159392035, 5.684091358079617, 5.682689164965167, 5.682465041782377, 5.68242559648148, 5.682349512666251, 5.6822560472805295, 5.682242493784454, 5.682209837421126, 5.682170405141715, 5.682079636291369, 5.682079636291369, 5.68198669282917, 5.681894652821386, 5.665507639761351, 5.656140603006843, 5.6240856592050825, 5.622652784078854, 5.620040384230978, 5.569666528150429, 5.542519750287794, 5.532605024622434, 5.532605024622434, 5.531805663660903, 5.521967082029341, 5.521965771123543, 5.521786793540599, 5.521737521773957, 5.521736302440813, 5.5214906673420705, 5.5211310828187194, 5.520031422231955, 5.5187718680819975, 5.518651347897218, 5.510480906390205, 5.50510040333854, 5.498152475766474, 5.488464001423044, 5.488455008650631, 5.488400192434793, 5.487303362124479, 5.4871251551149856, 5.487028407850135, 5.487026024602469, 5.486976441210562, 5.486933877886219, 5.486933469095277, 5.486931266296964, 5.4869300595972765, 5.4869300595972765, 5.48692819169329, 5.4868577587050265, 5.486857566837854, 5.486857284352229, 5.486852024000292, 5.486828869474261, 5.486770529080322, 5.486770529080322, 5.486767794888469, 5.486763731833879, 5.486741534523409, 5.486741221589165, 5.4867077337460515, 5.48669673226666, 5.486691139471574, 5.486665729292092, 5.486645312794603, 5.486607440126952, 5.48657275508006, 5.486572087538617, 5.486488364592237, 5.486379526331782, 5.486327698050523, 5.486243736191179, 5.486243261785293, 5.486203891550253, 5.48593512069838, 5.485801794022003, 5.484880517740475, 5.484560350453419, 5.4842319680339005, 5.4840626672182475, 5.484040310921154, 5.484040310921154, 5.483873538499476, 5.483854899581589, 5.483826937381476, 5.483754878221378, 5.483754403600177, 5.4836214985354195, 5.483621023902674, 5.483336044034544, 5.483336044034544, 5.477171122247154, 5.477144263910536, 5.40914642354468, 5.386048511260137, 5.38577976925315, 5.3848140579405745, 5.36189407272721, 5.361381056432699, 5.360691287293645, 5.3527769812445545, 5.350636460669513, 5.35062263851706, 5.3499825811709085, 5.349974945006164, 5.3484141778029315, 5.3159027605223415, 5.306154081274418, 5.305644309628363, 5.305111575374096, 5.303860086503677, 5.303511983770732, 5.264992871034193, 5.264477493837126, 5.263665949207596, 5.256055973086473, 5.244509901866969, 5.244487047507602, 5.244483226088696, 5.244284803231868, 5.244227438512966, 5.243696879753231, 5.243666373159079, 5.24363476682753, 5.24363476682753, 5.2436324888133745, 5.243436827788223, 5.241418840348104, 5.241415489822822, 5.240563096643728, 5.236359570990914, 5.2334068827869284, 5.232269053540001, 5.219481861532546, 5.219458252864853, 5.218487431635314, 5.2163046448565575, 5.2097459565969215, 5.208026571242364, 5.2079732443373805, 5.2079591774532785, 5.207955860981821, 5.207945807693766, 5.207891912131245, 5.207891781275098, 5.207891742098759, 5.207850605051352, 5.207848376420491, 5.207848376420491, 5.207832857954587, 5.207829172253406, 5.207804760565351, 5.2078045811956875, 5.207797894799807, 5.207774993181735, 5.207754302133982, 5.207746190566961, 5.207728275862774, 5.207709422626331, 5.207705636634514, 5.207704881888638, 5.207704849532383, 5.207704349752458, 5.2076486957917085, 5.20764824759691, 5.207632923810896, 5.207627640288183, 5.2076273426558455, 5.207590844506438, 5.207564106017416, 5.207514462341109, 5.207508415602181, 5.207508348797467, 5.2075050378502645, 5.2075050378502645, 5.207484036902361, 5.207476895173996, 5.207472086391865, 5.207463713544196, 5.20746341590249, 5.207462916099394, 5.207452217719888, 5.207439372319343, 5.207428971535161, 5.207425610262344, 5.207425610262344, 5.207404932807523, 5.207404741287736, 5.207403142904506, 5.207366597992845, 5.20735438279431, 5.207331830458972, 5.207326758768395, 5.207326758768395, 5.207326758768395, 5.207235418527296, 5.20719153666372, 5.206994253901706, 5.2069808924197725, 5.206980392570361, 5.206956644427502, 5.206956346756811, 5.2068829808494215, 5.2068829808494215, 5.206851284134257, 5.20680097634858, 5.206795049583355, 5.206793293342526, 5.206793189256573, 5.206758397208095, 5.206734629657592, 5.2067276001501135, 5.206716133395962, 5.206681057065863, 5.206680365351166, 5.206658735594415, 5.206657312099603, 5.206657009869898, 5.206655724132296, 5.206493777596994, 5.2064493023563445, 5.206371751946671, 5.20636747693356, 5.20636747693356, 5.206330127133918, 5.206290326973266, 5.206290279978255, 5.206266730895309, 5.206188518290315, 5.206121690014413, 5.206058720831824, 5.206031164720892, 5.2059795844452195, 5.205944344769286, 5.20594423670094, 5.205850143382355, 5.205850143382355, 5.205785524774292, 5.205768663250595, 5.205760101325496, 5.205757546404292, 5.205619611714126, 5.205305979372205, 5.204901645347686, 5.204861995953226, 5.204719045515764, 5.204663063909462, 5.204561558564962, 5.204555418072048, 5.204496797478961, 5.204496797478961, 5.204494220392318, 5.204485302273664, 5.204434913195743, 5.204434913195743, 5.204428661423914, 5.2043588478254375, 5.203995485365134, 5.203968599472429, 5.203968599472429, 5.203848073611368, 5.203749881413083, 5.2037241685515125, 5.203699777696168, 5.203698669205675, 5.203698169040984, 5.203698169040984, 5.2036828579527, 5.203507898132418, 5.203447781633932, 5.203321213115655, 5.184439645180868, 5.184018626669899, 5.180536335953165, 5.172900865033424, 5.172900865033424, 5.172577990666405, 5.172373037272494, 5.172312858565769, 5.171848303538818, 5.170779856421456, 5.167772524820518, 5.164587877920553, 5.151255961278146, 5.151255660388732, 5.1502918272179015, 5.146911219291384, 5.145073802819307, 5.141431598982731, 5.14136957954234, 5.141353933250955, 5.141351858297504, 5.139662743360177, 5.136529489575357, 5.13610490301295, 5.135578739959021, 5.135562404391931, 5.133908517062941, 5.123811142296563, 5.118203587981737, 5.10960822955739, 5.109302990428038, 5.104890356152919, 5.088192569622901, 5.086154281991451, 5.086140500151551, 5.086020640429017, 5.081811256465212, 5.063130648415574, 5.055018868140541, 5.051768934706109, 5.051768934706109, 5.051756236842022, 5.051555026023379, 5.047570190199956, 5.033192684855495, 5.030839136596739, 5.030694653642339, 5.029585548820588, 5.027615969830336, 5.0274901599046355, 5.025658443072751, 5.025658443072751, 5.025628446553452, 5.025483250212457, 5.024553154344197, 5.022918834629575, 5.022584126559583, 5.022441732861251, 5.01800008884881, 5.01064644572404, 5.010227866650546, 5.003874325283588, 5.002971975842997, 4.998445188740174, 4.998150606832359, 4.998117062460401, 4.998031402698395, 4.998004362126932, 4.997557457870122, 4.997275922681148, 4.9946830812771195, 4.994682629821889, 4.992868645302108, 4.992778949851438, 4.992579932626675, 4.992339122800011, 4.992308986983348, 4.992283567217963, 4.992268437721003, 4.992267803607614, 4.992266400771812, 4.992249341643452, 4.99222350237804, 4.99222350237804, 4.992209575424833, 4.9922053528026105, 4.992144169787179, 4.992136314415589, 4.992089653455792, 4.992074173866403, 4.992057666977772, 4.992056847338203, 4.991369458228779, 4.991369056859196, 4.991104574869156, 4.9910624574389555, 4.991051619128202, 4.991031206596918, 4.990995605234434, 4.990913086655839, 4.990912776099762, 4.990899028519008, 4.990889305128296, 4.99088693823361, 4.990886416741864, 4.990790438157834, 4.990774184648608, 4.990774184648608, 4.990773321968214, 4.9907728432946366, 4.9907728432946366, 4.9907728432946366, 4.990766777401572, 4.990747755776291, 4.990718603409822, 4.990694559333218, 4.990693665076358, 4.990693143564415, 4.990693143564415, 4.990668055645428, 4.990656766209595, 4.990640657506896, 4.990636101779254, 4.99059794054557, 4.9905916761894, 4.990591545186326, 4.990575667060122, 4.990517214643755, 4.9905104075242965, 4.990508806839556, 4.990483910539942, 4.990460544084061, 4.99044269789537, 4.990442284982057, 4.990436931488585, 4.990379803757036, 4.990379493167772, 4.9903643647809295, 4.990357226393601, 4.990267350502232, 4.990232926488754, 4.990213945790574, 4.990207184099805, 4.990104597160234, 4.990072687889574, 4.989970505906602, 4.989956351335616, 4.989946792927207, 4.989920001550203, 4.98982190045508, 4.989804153832162, 4.9897603401183295, 4.989758998491816, 4.989735270729411, 4.989718828409521, 4.989704897073298, 4.989679282567536, 4.989679282567536, 4.989663901895725, 4.989663901895725, 4.989600005123913, 4.989600005123913, 4.989556419058846, 4.989553006685693, 4.989553006685693, 4.989494162283715, 4.989487532707616, 4.989430233601282, 4.989429408790446, 4.989429408790446, 4.989385050067899, 4.989303026771319, 4.989299216907533, 4.989272949173972, 4.988961684505266, 4.988912713115333, 4.9888091401137125, 4.988753640793055, 4.988623203518978, 4.988598105190155, 4.988440033528958, 4.988137173042261, 4.988137173042261, 4.988045609325777, 4.988033380859864, 4.987959849228061, 4.987851443841438, 4.987830037898343, 4.987824886991858, 4.987806504824585, 4.98777268080914, 4.9877524343207496, 4.987734312504546, 4.9876583539772055, 4.9876217387721224, 4.987597293513571, 4.987595424727982, 4.9875334481967535, 4.987421308659704, 4.9873639749840795, 4.987291891343686, 4.987284294228476, 4.9872829218086085, 4.9872829218086085, 4.987282101384329, 4.987281923830546, 4.9872815795156455, 4.9872815795156455, 4.987240305549663, 4.986952053912104, 4.986900909646824, 4.986900809211478, 4.986889603388882, 4.986753403171601, 4.986647112800261, 4.9866442879785025, 4.986410496737548, 4.986344178257396, 4.986342077672193, 4.986341900084936, 4.986341555705126, 4.986330904868791, 4.986323796695452, 4.986077781839248, 4.986052670697518, 4.985739250401172, 4.985739250401172, 4.985738728370994, 4.980248453920103, 4.979979356976252, 4.979899139678675, 4.971690276618581, 4.971673640197993, 4.971673640197993, 4.959919440426826, 4.959868690439035, 4.959717104226151, 4.959692885608994, 4.959682053495814, 4.959632942841383, 4.95961462179578, 4.959549076444863, 4.959529251268395, 4.959529251268395, 4.959489826423653, 4.959466924005114, 4.9593012907849205, 4.959294246882174, 4.959253022304177, 4.95923505944473, 4.958746761858286, 4.958614485476481, 4.958597042032101, 4.9585734591381225, 4.958509018228127, 4.9564928313568934, 4.9564928313568934, 4.9564928313568934, 4.956412367998668, 4.956412367998668, 4.956412055280865, 4.956177464136439, 4.956177016602701, 4.956098136816144, 4.956096760531868, 4.9548204182910665, 4.954683900983324, 4.954611414188322, 4.9531518130733545, 4.950107534512755, 4.949670044898403, 4.8998361753941415, 4.89975069102452, 4.88798443724457, 4.884927384018197, 4.884591285282192, 4.883542987436347, 4.81551950086789, 4.814727616475466, 4.797499142863877, 4.79386850049088, 4.773956876814632, 4.77164218816168, 4.771590933544181, 4.771333658399902, 4.771282655124251, 4.7711300103991565, 4.770825934289588, 4.770825934289588, 4.7706414733823665, 4.768617077985863, 4.768399907193507, 4.768068891453018, 4.765905124360768, 4.753227593165592, 4.752962619544458, 4.752952764938325, 4.752855735360366, 4.752719514896638, 4.752665744629563, 4.752665523122738, 4.751827582626503, 4.751714814020877, 4.750937496254993, 4.747913309323251, 4.744236607128177, 4.739834616297107, 4.739123465356831, 4.738864079037737, 4.7317317336868, 4.731688273655504, 4.731594718518438, 4.731559345808412, 4.73155603967749, 4.731462205724593, 4.731455500661969, 4.731390426874743, 4.731389011985193, 4.731388134301087, 4.731332763333089, 4.731332763333089, 4.731319930213839, 4.7313194934701395, 4.73129218372458, 4.731282286229036, 4.731242837322998, 4.73123777765723, 4.73123777765723, 4.73123357200248, 4.731233021890903, 4.731213782673039, 4.731132155873685, 4.731117548180762, 4.730960331055116, 4.730960331055116, 4.73090304755536, 4.730859747491225, 4.730807941279946, 4.730805190400016, 4.730580501252643, 4.73052147035385, 4.73043305365846, 4.730378479850002, 4.730356225369894, 4.730302213364025, 4.7302534580312585, 4.730215302475326, 4.730188179182515, 4.729816659993096, 4.728704274737775, 4.728679762951, 4.728569603142154, 4.728486712403846, 4.72818761650834, 4.7281005615457605, 4.728079334169369, 4.728032565547769, 4.7279923426303405, 4.72799179214164, 4.727968173862798, 4.727965860747092, 4.727965310255307, 4.727965310255307, 4.727856549746717, 4.727856549746717, 4.727797611323187, 4.727797611323187, 4.72771986373472, 4.72771986373472, 4.727718914354461, 4.727718691678808, 4.727718363833922, 4.727718363833922, 4.727718363833922, 4.727634229462568, 4.727634229462568, 4.727618260290488, 4.727564619839919, 4.727563653988763, 4.727479516864056, 4.727233095642373, 4.727232545065257, 4.727232545065257, 4.727148952634157, 4.7271484020472405, 4.7271484020472405, 4.726354824402999, 4.726353858304615, 4.726269699643108, 4.726162846685728, 4.726160191570855, 4.726024081118, 4.726023215339925, 4.726022664621859, 4.725941915625658, 4.725940472315487, 4.725452498307943, 4.7055481984820835, 4.70536700930512, 4.701714522217969, 4.697748015009685, 4.697450347540486, 4.692052145695113, 4.691244695296597])
