1612
419
1210
312
506
294
1197
108
3764
1315
715
2435
587
1687
1974
327
4011
160
7233
2654
2595
4207
694
1805
446
3664
855
7296
6678
1923
600
1658
492
269
260
5569
1947
3322
532
416
4726
588
2020
48
4352
6005
615
904
725
2242
3578
2237
554
2408
590
366
300
2894
168
1886
444
480
4024
177
384
2
279
430
342
114
3660
2788
468
349
5139
552
1305
8201
1806
942
5486
4013
7060
544
2004
1709
1484
320
2117
1526
4977
1504
284
2244
4022
1059
621
2010
5775
5797
102
101
6568
2003
328
4935
1316
909
3498
391
3417
555
5443
768
104
17
252
249
598
4595
5560
469
520
388
7871
3738
811
607
627
363
3495
1877
1408
365
125
2604
1304
243
5049
1837
7261
7278
4060
306
372
1232
602
118
1538
642
7392
5251
6714
182
8095
174
4017
133
6167
196
4530
1637
830
4761
2083
5406
1209
6499
601
766
119
3044
512
6161
517
2483
434
2528
4786
3081
4113
1951
7440
5427
2429
2531
3210
3041
549
3652
4006
299
574
7385
2163
141
39
7258
524
3550
835
7066
7273
2092
3897
7161
6489
8016
3700
411
460
3105
286
4602
2769
3004
7470
1390
4591
2964
4702
547
377
149
5254
2955
1602
1530
1909
890
7359
6105
5250
2477
425
4882
937
1485
7746
1083
2674
4073
2898
3822
1449
251
4812
6078
1137
5984
290
6722
282
4002
81
223
72
2194
3665
4613
4135
4211
3931
4093
1952
1904
606
5001
3769
1807
819
7212
8048
2471
1647
985
2159
1000
5554
1854
4796
3048
3427
7150
4351
5551
1540
1296
4690
6096
2486
878
413
1907
8098
518
272
4803
2124
3386
369
7875
8040
966
7442
2492
3936
1739
410
5192
2424
6604
3215
7091
5876
3782
1437
3075
701
582
83
6978
7199
2592
7508
171
1715
46
443
1980
5792
2208
536
1860
3935
3352
7184
94
1872
750
316
228
3354
3749
7304
541
4263
2241
4156
354
6066
1528
4459
4401
2826
703
2764
3292
2417
2934
6048
2926
5277
3999
638
1301
6131
3894
5604
4062
940
139
548
2544
383
2508
1883
45
1113
3774
7862
8004
2613
5800
6098
2931
5363
1676
3711
5431
1757
3972
6512
245
216
560
2173
3513
2258
4515
6431
3746
3765
427
5150
1117
3569
2524
240
592
441
452
5380
1402
6336
2189
1064
5870
150
4138
1302
4202
3880
1827
470
6772
6875
2034
7971
303
2293
126
1038
5170
221
7641
1229
2641
722
193
493
5658
4869
2908
4559
4968
5863
268
6789
471
4109
340
753
6681
572
6019
2321
4955
1509
239
4220
7297
447
6935
3830
746
217
4552
5901
3544
6058
6732
5337
7758
8224
6713
1949
7203
671
3753
5977
3974
8064
308
7743
7990
26
3834
1025
7972
1668
994
3994
4752
405
2576
3036
1371
311
1099
8294
4794
7876
8199
1795
7626
1870
5476
565
435
775
3408
3203
4028
3867
3392
1831
6126
7563
8153
157
34
409
571
5067
5912
5042
3198
1077
950
395
210
3853
148
6097
5739
4655
1292
6569
1212
4487
128
4161
3754
740
551
7578
658
6102
212
2037
1701
158
5234
2956
1851
3483
5864
3244
40
3131
1996
3909
491
2899
3946
5272
1875
1588
1679
2947
8255
375
3364
2359
7179
7843
2868
7718
2035
5752
1954
1636
1815
280
5868
6742
2155
2493
2930
7198
189
3832
7424
1531
8217
356
4416
4565
603
7667
7263
90
7924
2490
423
4226
273
7997
5973
1069
4076
242
7842
889
5193
7627
2051
3648
7214
43
7790
838
235
2134
2558
2235
576
1010
6277
4974
5172
172
2416
453
6045
957
2819
137
3924
5175
8013
7978
7874
5155
7771
991
1123
3862
2297
3430
4019
4
475
6003
7073
987
2518
8077
6808
4658
6525
559
1483
3374
3868
4154
617
1394
2439
4190
6836
414
3284
7773
712
4822
5487
1879
285
4712
6
1365
4394
6617
6286
1830
2314
2315
3813
3543
7436
1219
2874
629
465
4364
8117
5828
4078
2678
7454
2495
3878
4907
1936
387
93
1095
1246
79
2457
4810
2400
7354
7864
2494
2376
608
680
3820
3557
3888
146
9
1817
7232
122
780
7421
1606
3872
595
8211
732
38
4686
2653
2877
3136
459
7461
244
528
3723
803
5004
6743
1216
7068
232
5545
208
6344
394
323
5500
5762
3548
3921
1792
5274
3812
353
3895
6497
111
1314
5287
8099
730
2120
3178
1774
310
4876
4811
5457
1520
200
2420
4919
4384
2041
8281
3397
4027
4950
5803
6281
6190
932
334
5350
3879
2522
291
6982
4039
6872
368
5058
6906
688
5760
5690
2462
3325
7315
5163
1773
2147
5481
3492
2288
4546
4999
6210
4183
88
4082
267
847
3106
5489
553
1661
5867
6949
87
3982
4119
4203
787
49
7488
192
3659
65
4112
298
1897
1842
5063
873
4517
2433
7850
7837
7633
6820
7312
7404
7176
2575
4256
230
1308
5616
4687
5279
458
3076
2770
6021
6011
401
7571
1097
682
3088
591
4576
7460
6899
1073
8257
438
360
5923
4571
1412
238
3818
5991
489
129
8133
5353
610
8089
1094
333
4088
538
7117
1213
4490
47
1166
1403
2937
361
5179
2425
2525
6987
6074
622
2313
566
7445
3359
2370
41
5395
3857
2125
494
429
5810
55
1454
6225
4516
951
2711
7362
7873
6623
3575
3458
1546
910
901
7289
2817
738
4926
1512
7737
3402
1513
3363
6800
7137
7880
7745
7417
1345
3701
3478
2928
3007
3898
3773
281
5559
1632
82
1633
3821
1252
322
64
2635
1783
6115
5978
8195
4881
1871
2282
3084
7247
2436
3837
920
3997
3454
6410
934
4682
4321
127
4345
2221
3360
426
5759
1309
1733
1743
2220
8163
4948
6301
