602
108
5443
2163
682
1909
7091
4183
468
4803
1612
327
5350
5476
1974
1875
775
294
491
1512
1528
1197
520
323
377
1210
2595
1286
419
48
160
122
9
395
1315
3578
768
312
4001
2894
3543
299
7997
4828
855
518
830
1305
2654
5569
3105
168
1687
1313
2528
2435
2117
1252
8026
118
2237
1773
363
177
384
94
996
5250
265
1316
260
2494
7060
3764
6005
1728
2116
3417
3664
6525
506
245
366
3004
6896
156
446
303
615
131
559
141
4430
5269
1399
532
2580
2004
2417
8016
1658
365
5416
715
1904
5180
1117
544
1923
1947
1072
372
445
2230
587
14
1883
80
409
6161
125
942
2934
846
694
361
2
1980
3498
2010
4035
703
2437
2885
526
290
980
2037
600
458
5775
279
4060
243
1860
3345
179
2769
2651
5163
819
7296
460
328
4207
492
2293
269
2503
2159
287
517
280
1311
1886
766
5033
1095
1986
1307
289
4013
2508
1807
2003
2245
966
725
6371
249
811
3602
272
1815
1302
480
4022
114
1877
1403
4761
853
40
471
139
3785
832
2350
2429
7421
5272
417
452
2020
551
3997
571
4026
281
5279
57
7785
1218
2766
5658
1805
3769
4011
5254
456
41
1069
4014
1380
7875
5251
2235
2770
555
4352
621
1337
1484
579
2895
5
1310
264
7773
4796
3427
3700
1739
7233
904
590
252
2424
949
3505
894
43
716
1931
288
5084
305
5271
3284
1939
410
1837
3820
2960
391
722
2531
1895
3652
3788
3550
816
2833
1222
3081
1216
2242
1854
4024
444
2871
2683
3780
3374
576
5004
2244
129
311
159
2232
3746
257
2134
134
1518
3495
60
4028
1814
45
2125
3372
2426
2446
255
5560
588
174
83
2604
603
574
6489
416
838
375
1954
308
895
4786
111
1924
782
3999
235
3789
2457
4002
2530
554
104
341
50
985
8217
1889
2006
380
82
1204
8211
244
2443
2339
2416
475
8188
1232
7232
4052
5049
2730
4017
282
1304
1806
7273
7804
5182
7871
1309
549
7420
564
4882
3548
2673
1863
2359
4037
314
296
2432
293
2532
2452
8202
2120
3231
4726
102
1715
1576
1538
2029
6018
4010
586
1157
529
4686
5255
3216
191
2083
548
7600
3526
441
185
166
762
2433
6678
3075
3660
17
8201
3513
182
1296
390
316
7359
3774
322
1145
4412
4996
5901
1366
3600
1156
340
890
4150
135
1872
3813
331
184
2486
4752
1225
2451
2899
276
2441
101
271
3322
5554
2788
4006
1038
6078
470
7258
300
1709
1415
7392
5220
5150
2674
2124
505
112
2025
2586
4138
4143
88
3812
171
31
376
90
121
1879
5014
447
736
2804
5042
2534
730
81
18
2425
627
4812
552
5139
251
388
1437
3736
4093
435
607
6789
2592
7385
225
4104
3728
431
3433
5626
1373
7230
4018
848
1820
368
3376
941
1949
3088
1231
4
79
3039
4743
4075
157
2208
4919
962
4204
6859
2434
310
814
158
68
381
349
7746
430
1137
306
638
787
3601
1952
1676
2092
3396
8053
7088
5805
1308
2097
4027
274
2357
1531
64
4655
1217
4751
4145
51
1167
5058
6
186
3430
214
2518
247
3341
148
49
3036
411
3244
909
1870
3408
8064
2471
7249
93
691
5627
286
133
1334
542
422
1881
3491
5006
2868
4007
3855
3862
670
1749
2155
7231
3303
451
546
4008
401
150
6836
3972
1229
1170
261
396
465
1675
2582
2758
780
3935
1449
4935
528
443
1530
6499
5438
4552
2898
4401
2258
1951
2194
6852
239
729
5800
5179
5563
3597
119
957
1062
262
144
1831
676
1303
513
1708
4019
700
3308
6902
2042
4766
6086
164
4928
292
8018
256
1663
3778
1314
2345
7641
3803
2408
5486
680
2428
1059
3834
369
3196
1757
1812
610
87
5264
758
5405
353
4005
5314
5850
844
1866
3591
538
4247
6800
5910
3663
127
8045
3857
984
592
2719
4202
6336
5149
599
173
2617
3665
2444
7666
1123
3354
1006
3363
3496
1219
8040
8095
1504
7278
1526
1602
598
1213
601
1209
541
994
7876
5192
583
1763
5277
3021
6098
268
466
7447
2888
609
2007
2396
4800
1381
3867
1440
1155
4497
2040
4616
2193
3713
3005
4078
2814
2019
1474
2819
3888
1868
116
689
414
317
563
2414
4490
457
2691
2039
2607
2132
1929
2418
2998
7116
1936
138
2338
336
5715
3352
1289
3673
3738
5797
3044
3386
4211
4135
835
905
4263
3936
553
3853
606
1396
2495
291
4156
7508
5582
1946
1064
6116
8281
5791
24
956
23
2248
536
5265
69
3015
3084
6497
3730
20
3292
1470
242
402
4073
394
1976
5173
4940
197
3870
4009
1667
1828
1379
1099
3377
77
1633
6868
667
951
440
4660
1752
2692
333
3784
1775
5259
3406
5294
3206
2439
2748
240
2732
1783
572
2438
2533
6568
6096
405
429
1000
72
582
2862
7263
3983
7373
620
109
478
7203
1817
5188
4012
442
1779
427
5709
246
535
3761
217
5770
3922
5437
5066
1732
8296
8294
382
5457
1922
2613
5044
3822
2034
1065
1697
6034
981
136
847
7765
132
1928
2074
3965
3383
1834
3659
0
3272
2454
2458
3767
5061
818
3680
2173
2130
986
1371
1642
4912
1023
1776
2220
56
3035
284
469
5427
524
1408
342
1588
1540
1083
210
539
2556
4810
2257
2865
462
7806
2761
7790
976
5181
1031
999
5562
2030
7007
4961
3454
6841
6955
585
1132
1012
3998
7270
5300
4023
2630
1953
1020
461
8128
2099
3662
4020
46
344
4811
5257
5697
7925
2524
8224
3392
373
1414
7669
273
3504
232
4972
7981
1100
936
285
1726
1515
3012
809
6840
4396
